2 0 10
2 0 10
2 2 9
2 2 9
2 4 9
2 4 9
2 8 9
2 8 9
2 16 9
2 16 9
2 32 9
2 32 9
2 64 9
2 64 9
2 128 9
2 128 9
2 256 9
2 256 9
2 512 9
2 512 9
1 0 91
1 0 91
2 3 8
2 3 8
2 6 8
2 6 8
2 10 8
2 10 8
2 18 8
2 18 8
2 34 8
2 34 8
2 66 8
2 66 8
2 130 8
2 130 8
2 258 8
2 258 8
2 514 8
2 514 8
1 2 72
1 2 72
2 5 8
2 5 8
2 12 8
2 12 8
2 20 8
2 20 8
2 36 8
2 36 8
2 68 8
2 68 8
2 132 8
2 132 8
2 260 8
2 260 8
2 516 8
2 516 8
1 4 72
1 4 72
2 9 8
2 9 8
2 24 8
2 24 8
2 40 8
2 40 8
2 72 8
2 72 8
2 136 8
2 136 8
2 264 8
2 264 8
2 520 8
2 520 8
1 8 72
1 8 72
2 17 8
2 17 8
2 18 4
2 18 4
1 16 12
1 16 12
0 0 319
0 0 319
97



2 0 10
2 0 10
2 2 9
2 2 9
2 4 9
2 4 9
2 8 9
2 8 9
2 16 9
2 16 9
2 32 9
2 32 9
2 64 9
2 64 9
2 128 9
2 128 9
2 256 9
2 256 9
2 512 9
2 512 9
1 0 91
1 0 91
2 3 8
2 3 8
2 6 8
2 6 8
2 10 8
2 10 8
2 18 8
2 18 8
2 34 8
2 34 8
2 66 8
2 66 8
2 130 8
2 130 8
2 258 8
2 258 8
2 514 8
2 514 8
1 2 72
1 2 72
2 5 8
2 5 8
2 12 8
2 12 8
2 20 8
2 20 8
2 36 8
2 36 8
2 68 8
2 68 8
2 132 8
2 132 8
2 260 8
2 260 8
2 516 8
2 516 8
1 4 72
1 4 72
2 9 8
2 9 8
2 24 8
2 24 8
2 40 8
2 40 8
2 72 8
2 72 8
2 136 8
2 136 8
2 264 8
2 264 8
2 520 8
2 520 8
1 8 72
1 8 72
2 17 8
2 17 8
1 16 16
1 16 16
0 0 323
0 0 323
93